0 1337 51.88753000918914 51.88753000918914 new
1 12893 68.01492984822971 68.01492984822971 new
2 13680 143.89530114438122 143.89530114438122 new
3 3164 286.7118028776992 286.7118028776992 new
4 13723 136.18597072211577 136.18597072211577 new
5 5677 374.9593040513742 374.9593040513742 new
6 14049 379.08821500160377 379.08821500160377 new
7 7743 131.10420148853046 131.10420148853046 new
8 5817 214.97736946084547 214.97736946084547 new
9 4317 502.63422889387766 502.63422889387766 new
10 1033 493.4839504630071 493.4839504630071 new
11 8974 116.52999021838687 116.52999021838687 new
12 13468 137.93055771633252 137.93055771633252 new
13 10177 482.4327239626012 482.4327239626012 new
14 9105 424.56678013004364 424.56678013004364 new
15 15233 39.24082642953559 39.24082642953559 new
16 12679 280.82893268615834 280.82893268615834 new
17 3522 175.6712350499185 175.6712350499185 new
18 9118 303.2898822012213 303.2898822012213 new
19 2282 243.52561118754346 243.52561118754346 new
20 8333 138.18413454831727 138.18413454831727 new
21 14743 330.88668453915176 330.88668453915176 new
22 13236 92.39407370770266 92.39407370770266 new
23 4976 137.23673586007268 137.23673586007268 new
24 1372 471.56559337220574 471.56559337220574 new
25 5099 464.53808273845146 464.53808273845146 new
26 8718 257.5850411102337 257.5850411102337 new
27 2160 93.64442417212759 93.64442417212759 new
28 6339 22.993581232431637 22.993581232431637 new
29 8230 261.0224455315839 261.0224455315839 new
30 9124 507.0417232634465 507.0417232634465 new
31 15309 78.65440850278229 78.65440850278229 new
32 703 291.99348840717795 291.99348840717795 new
33 5614 378.1655431826616 378.1655431826616 new
34 8155 219.9783628933833 219.9783628933833 new
35 10703 394.67415884225534 394.67415884225534 new
36 2436 191.15894811792188 191.15894811792188 new
37 11761 159.59739229551556 159.59739229551556 new
38 1949 333.233085255908 333.233085255908 new
39 1151 116.66274396800301 116.66274396800301 new
40 1729 291.32146574228744 291.32146574228744 new
41 14207 316.67272323259726 316.67272323259726 new
42 4166 118.10549420128196 118.10549420128196 new
43 10726 351.14950993225074 351.14950993225074 new
44 643 210.67421028328096 210.67421028328096 new
45 6744 377.8466719615198 377.8466719615198 new
46 15063 295.9160591449832 295.9160591449832 new
47 12045 190.25667393432673 190.25667393432673 new
48 9329 161.44756107673084 161.44756107673084 new
49 14663 210.6656435078557 210.6656435078557 new
50 8054 209.00990536701866 209.00990536701866 new
51 15196 195.01114086718917 195.01114086718917 new
52 15263 396.98430080531034 396.98430080531034 new
53 14886 135.7837700204138 135.7837700204138 new
54 1330 247.17754785467926 247.17754785467926 new
55 434 37.48049619690853 37.48049619690853 new
56 11491 378.3117330511885 378.3117330511885 new
57 1709 240.6648180541487 240.6648180541487 new
58 7956 476.7154884548878 476.7154884548878 new
59 12880 414.51853060269684 414.51853060269684 new
60 10284 100.55872284090411 100.55872284090411 new
61 10983 121.87999399749484 121.87999399749484 new
62 5686 459.5990721364855 459.5990721364855 new
63 4949 87.15526114506106 87.15526114506106 new
64 5444 179.8151420761304 179.8151420761304 new
65 1529 409.16161704037387 409.16161704037387 new
66 6361 404.49042955514363 404.49042955514363 new
67 14829 394.91678587498006 394.91678587498006 new
68 14281 407.2813961482698 407.2813961482698 new
69 4089 93.62284570103061 93.62284570103061 new
70 14200 436.55403872997243 436.55403872997243 new
71 13026 395.609984789883 395.609984789883 new
72 6965 80.80575432155307 80.80575432155307 new
73 2819 207.80366799895145 207.80366799895145 new
74 10138 364.30263304517274 364.30263304517274 new
75 13459 198.3573040699885 198.3573040699885 new
76 9813 69.15702317385521 69.15702317385521 new
77 565 176.4532931538196 176.4532931538196 new
78 5253 457.9461920474229 457.9461920474229 new
79 2125 361.9167661036304 361.9167661036304 new
80 1954 227.63037084748962 227.63037084748962 new
81 2998 119.20904010666641 119.20904010666641 new
82 13960 398.96642750256996 398.96642750256996 new
83 9724 264.57232744403615 264.57232744403615 new
84 14697 320.8338006668686 320.8338006668686 new
85 4551 145.58199034602197 145.58199034602197 new
86 14586 145.88968262630573 145.88968262630573 new
87 4018 464.12983459140054 464.12983459140054 new
88 12141 307.7530781723532 307.7530781723532 new
89 14077 231.90942997939126 231.90942997939126 new
90 1706 124.48074952586146 124.48074952586146 new
91 1993 274.803533110485 274.803533110485 new
92 3244 441.4426064242418 441.4426064242418 new
93 14906 418.1843596416757 418.1843596416757 new
94 9622 262.8303265116582 262.8303265116582 new
95 3924 301.02856882745385 301.02856882745385 new
96 4844 268.9400869526675 268.9400869526675 new
97 3627 192.9221749425762 192.9221749425762 new
98 6752 498.0587202952874 498.0587202952874 new
99 10283 409.4843588544664 409.4843588544664 new
100 3006 214.252479722047 214.252479722047 new
101 10461 34.47459978885191 34.47459978885191 new
102 6819 38.60847400043441 38.60847400043441 new
103 10045 145.86423045341192 145.86423045341192 new
104 15071 108.5109846947543 108.5109846947543 new
105 8194 249.45123078623448 249.45123078623448 new
106 10164 245.34861857658385 245.34861857658385 new
107 13086 278.1763128725256 278.1763128725256 new
108 15119 89.64265093612798 89.64265093612798 new
109 13586 325.1585862070029 325.1585862070029 new
110 14658 214.9631211569017 214.9631211569017 new
111 7049 296.6108468821432 296.6108468821432 new
112 13459 472.15638398368463 472.15638398368463 new
113 1756 149.2170584603439 149.2170584603439 new
114 12375 117.34626127657864 117.34626127657864 new
115 1398 243.25924151661752 243.25924151661752 new
116 11942 293.89083522567626 293.89083522567626 new
117 11119 100.76573390733601 100.76573390733601 new
118 6880 127.9775492253552 127.9775492253552 new
119 14482 459.21980205764885 459.21980205764885 new
120 2930 334.82199955594143 334.82199955594143 new
121 2105 123.91536416658603 123.91536416658603 new
122 8234 315.4988174711715 315.4988174711715 new
123 10823 415.8754254396058 415.8754254396058 new
124 3820 126.27803837663596 126.27803837663596 new
125 2715 503.3596341963461 503.3596341963461 new
126 15990 507.9662660608971 507.9662660608971 new
127 12756 406.37844261484804 406.37844261484804 new
128 8496 461.15910607759145 461.15910607759145 new
129 14120 228.30477060813342 228.30477060813342 new
130 4589 279.4999485204805 279.4999485204805 new
131 8965 57.62760412160531 57.62760412160531 new
132 3097 178.0097303903336 178.0097303903336 new
133 4766 386.12778731816184 386.12778731816184 new
134 11471 317.3034606457799 317.3034606457799 new
135 6801 172.27256243053625 172.27256243053625 new
136 1156 469.04143957792314 469.04143957792314 new
137 14527 271.42343791217695 271.42343791217695 new
138 6717 92.27647793277485 92.27647793277485 new
139 6439 121.53089545072157 121.53089545072157 new
140 8137 266.45339052027106 266.45339052027106 new
141 1696 361.35006444478734 361.35006444478734 new
142 12862 299.6927744355686 299.6927744355686 new
143 6408 31.85277667433322 31.85277667433322 new
144 9566 181.64844996508512 181.64844996508512 new
145 2723 91.4345046223443 91.4345046223443 new
146 14551 271.66636509794296 271.66636509794296 new
147 6800 234.71865849638783 234.71865849638783 new
148 15542 291.19255335993165 291.19255335993165 new
149 132 358.2461841405104 358.2461841405104 new
150 3907 70.3785191379724 70.3785191379724 new
151 13278 16.104833497819932 16.104833497819932 new
152 2115 49.61498238543624 49.61498238543624 new
153 11241 422.6005450167526 422.6005450167526 new
154 4122 197.28811249334416 197.28811249334416 new
155 22 311.4022587429761 311.4022587429761 new
156 3288 284.39712269646986 284.39712269646986 new
157 14089 382.2020440741168 382.2020440741168 new
158 16084 426.79828538026777 426.79828538026777 new
159 6603 205.8237707884027 205.8237707884027 new
160 5896 394.7474207530535 394.7474207530535 new
161 2220 129.88678724893555 129.88678724893555 new
162 644 391.1016174708606 391.1016174708606 new
163 7709 86.58468023960374 86.58468023960374 new
164 7518 401.01023825655415 401.01023825655415 new
165 5711 250.87498574062195 250.87498574062195 new
166 13220 194.1769904035124 194.1769904035124 new
167 840 64.39209943189235 64.39209943189235 new
168 12430 220.8061490347942 220.8061490347942 new
169 1788 496.6934144672985 496.6934144672985 new
170 5863 451.1603612399312 451.1603612399312 new
171 8151 298.0280994572309 298.0280994572309 new
172 6569 103.25145465335557 103.25145465335557 new
173 2558 46.67797367782652 46.67797367782652 new
174 10954 279.5623166453512 279.5623166453512 new
175 3797 40.06175017516114 40.06175017516114 new
176 5714 312.8544747055164 312.8544747055164 new
177 5864 413.21660453981673 413.21660453981673 new
178 675 342.05507205529307 342.05507205529307 new
179 11330 297.97536530896974 297.97536530896974 new
180 13240 266.93633251402446 266.93633251402446 new
181 6758 43.14261882186391 43.14261882186391 new
182 13655 272.8014930732109 272.8014930732109 new
183 14173 219.24000996813012 219.24000996813012 new
184 6191 436.67389958236174 436.67389958236174 new
185 9301 108.93860832199873 108.93860832199873 new
186 14814 320.5487848477229 320.5487848477229 new
187 13779 295.12538163066824 295.12538163066824 new
188 7031 506.11247511410164 506.11247511410164 new
189 15234 353.66119041634266 353.66119041634266 new
190 6132 267.9596155236285 267.9596155236285 new
191 1253 255.27936261749903 255.27936261749903 new
192 7870 329.74593429384527 329.74593429384527 new
193 2864 258.7466183712331 258.7466183712331 new
194 9892 241.90321953606605 241.90321953606605 new
195 5167 26.362321765934624 26.362321765934624 new
196 9146 413.51197719241696 413.51197719241696 new
197 11853 54.10747946635778 54.10747946635778 new
198 8326 201.67921351556663 201.67921351556663 new
199 5909 324.271215237527 324.271215237527 new
200 13214 259.30013422809606 259.30013422809606 new
201 11703 190.18063917501453 190.18063917501453 new
202 9582 483.39669649393016 483.39669649393016 new
203 2061 70.73889372897838 70.73889372897838 new
204 13837 492.3201933730113 492.3201933730113 new
205 5167 500.83658409320316 500.83658409320316 new
206 4749 435.9813856933699 435.9813856933699 new
207 10956 374.34351420080156 374.34351420080156 new
208 10292 401.92866430415125 401.92866430415125 new
209 3463 410.3102515078327 410.3102515078327 new
210 10409 260.5333706976678 260.5333706976678 new
211 2463 90.21338563075241 90.21338563075241 new
212 13407 45.761015043949456 45.761015043949456 new
213 5347 170.56362789860083 170.56362789860083 new
214 2371 355.00820396134066 355.00820396134066 new
215 14655 401.96232835070697 401.96232835070697 new
216 14955 287.26724815169723 287.26724815169723 new
217 1564 257.7401857491356 257.7401857491356 new
218 8725 45.44390675261999 45.44390675261999 new
219 265 209.64068021826287 209.64068021826287 new
220 10497 224.99851127841777 224.99851127841777 new
221 13973 156.62131135910636 156.62131135910636 new
222 12358 194.2066195950616 194.2066195950616 new
223 4528 512.7372476551095 512.7372476551095 new
224 6168 45.24249059044397 45.24249059044397 new
225 2641 371.2449300416212 371.2449300416212 new
226 4732 383.97753184766606 383.97753184766606 new
227 2316 317.51713854770645 317.51713854770645 new
228 9466 58.85498193631087 58.85498193631087 new
229 2111 193.0964628829251 193.0964628829251 new
230 12947 386.4536972913539 386.4536972913539 new
231 3364 21.23080096288178 21.23080096288178 new
232 8216 226.38565857671932 226.38565857671932 new
233 955 283.53219925174307 283.53219925174307 new
234 8099 341.9855295880345 341.9855295880345 new
235 7200 20.979423147266317 20.979423147266317 new
236 11407 126.8453674022268 126.8453674022268 new
237 15841 365.34541549102687 365.34541549102687 new
238 16225 164.62335860086023 164.62335860086023 new
239 15544 311.2716817957669 311.2716817957669 new
240 586 443.71281323206375 443.71281323206375 new
241 13374 334.63522400010754 334.63522400010754 new
242 4262 302.2961191622972 302.2961191622972 new
243 2993 497.5572347489982 497.5572347489982 new
244 4631 208.02815937447485 208.02815937447485 new
245 8163 306.38835353716365 306.38835353716365 new
246 1465 142.09439405224578 142.09439405224578 new
247 12812 274.27190437255643 274.27190437255643 new
248 7461 66.6713707155368 66.6713707155368 new
249 14913 201.43410785864498 201.43410785864498 new
250 4156 414.88076798174734 414.88076798174734 new
251 8575 43.179877422218354 43.179877422218354 new
252 7899 100.1726682904933 100.1726682904933 new
253 11153 103.6825220815713 103.6825220815713 new
254 1467 173.70000687665575 173.70000687665575 new
255 420 478.04791578615107 478.04791578615107 new
256 14896 221.65310304854992 221.65310304854992 new
257 5783 255.80596758828634 255.80596758828634 new
258 5528 415.71182300106705 415.71182300106705 new
259 2972 462.93686317589294 462.93686317589294 new
260 10901 378.74264368573705 378.74264368573705 new
261 1757 182.77434705655688 182.77434705655688 new
262 6352 200.61870688843928 200.61870688843928 new
263 8153 410.6455495424084 410.6455495424084 new
264 2121 389.5734863187623 389.5734863187623 new
